1.01 13
1.02 11
1.03 10
1.04 9.3
1.05 8.7
1.06 8.1
1.07 7.6
1.08 7.2
1.09 6.7
1.10 6.3
1.11 5.9
1.12 5.6
1.13 5.4
1.14 5.2
1.15 5.0
1.16 4.8
1.17 4.6
1.18 4.4
1.19 4.3
1.20 4.2
1.21 4.1
1.22 4.0
1.23 3.9
1.24 3.8
1.25 3.7
1.26 3.6
1.27 3.5
1.28 3.4
1.29 3.35
1.30 3.3
1.31 3.25
1.32 3.20
1.33 3.12
1.34 3.06
1.35 3.0
1.36 2.96
1.37 2.92
1.38 2.88
1.39 2.84
1.40 2.80
1.41 2.77
1.42 2.75
1.43 2.70
1.44 2.66
1.45 2.62
1.46 2.6
1.47 2.57
1.48 2.55
1.49 2.52
1.50 2.48
1.51 2.45
1.52 2.42
1.53 2.4
1.54 2.38 
1.55 2.36
1.56 2.32
1.57 2.30
1.58 2.29
1.59 2.27
1.60 2.26
1.61 2.24
1.62 2.22
1.63 2.20
1.64 2.17
1.65 2.15
1.66 2.14
1.67 2.12
1.68 2.11
1.69 2.09
1.70 2.08
1.71 2.06
1.72 2.04
1.73 2.03
1.74 2.02
1.75 2.00
1.76 1.99
1.77 1.98
1.78 1.97
1.79 1.96
1.80 1.95
1.81 1.93
1.82 1.92
1.83 1.91
1.84 1.90
1.85 1.89
1.86 1.88
1.87 1.87
1.88 1.86
1.89 1.85
1.90 1.84
1.91 1.83
1.92 1.82
1.93 1.81
1.94 1.81
1.95 1.80
1.96 1.79
1.97 1.78
1.98 1.77
1.99 1.76
2.00 1.75
